100
25
 0.9933913969816638 0.1034971024007349 0.6145236958461076 0.8311454284392156 0.3834122835212109 0.7823416798711653 0.3739260220193206 0.9434436031621418 0.6198265023016912 0.1743381880575771 0.262469481056493 0.4357913520470189 0.8049090307864636 0.9454939772292075 0.8009598003325323 0.1071503579514335 0.2361150724371749 0.7403955590666519 0.08077456752433969 0.3284002808733231 0.6982099673999868 0.8101869971624283 0.1300181908988653 0.6559034983897878 0.8853642523053294
 0.5249138122961113 0.4904733163010517 0.5672286457691166 0.1349157876204506 0.1168254040873852 0.2720782445569679 0.4685502638089178 0.09754159343172124 0.6960358035850378 0.5525194506448697 0.8909415156267597 0.02964760978011631 0.7458551507361277 0.4054274062223938 0.2343832612375327 0.361010060212806 0.5829448018697391 0.2032248580350286 0.6303013135833148 0.1560045369272691 0.7953208781770423 0.5521808179224843 0.5075985182107775 0.8211765472444156 0.5527808369336263
 0.3437799266428247 0.1149378112799454 0.5651269124975097 0.8265606556099868 0.9977756795453293 0.4175877615730059 0.3948023817824821 0.1797401609925602 0.6653879994670487 0.6722026302536122 0.8269165337113301 0.5287990488315699 0.03567080375421765 0.300188408891675 0.8896163027515727 0.6578087438906136 0.5058628192322 0.2406503190526783 0.5344339619413556 0.4502811197682583 0.3850240002303231 0.4835976667594378 0.1679927355719412 0.7831680112055996 0.6703028606894016
 0.3141570586452652 0.8048316031655893 0.1770417053950263 0.1246170605759326 0.05919469501228707 0.5366507446704721 0.495033552413967 0.5496639058227276 0.9770295726839088 0.7090794772717982 0.1833690387346131 0.08632049493564835 0.8571080134303861 0.8794814760532901 0.6259760273838535 0.1340599823033989 0.9037500161172439 0.6564565096988547 0.2478923206358219 0.5139171416317581 0.3944559921010483 0.9389282540775526 0.05044074113631707 0.08592188163907315 0.7370984685727605
 0.1908178321621716 0.6411868639295051 0.2671759154153516 0.9589698253931244 0.9069374853859331 0.4906488565791716 0.4137717367516232 0.03406572534037459 0.4343309840547004 0.8613981083172978 0.8040082756162203 0.9903223944015124 0.04840482661441296 0.2033155875889807 0.2916670739637751 0.6936547724083877 0.9761234617915598 0.6860315754546198 0.08274761614639252 0.4974315054988358 0.1953070765915368 0.8489516200265578 0.3487527680846874 0.7821392866079366 0.757961298126125
 0.3754866432270635 0.462748668940066 0.3087851744838104 0.7783566218204403 0.5673202149018585 0.04040643009659244 0.9167118635045749 0.4747520627440145 0.9628278120372907 0.5074999598955906 0.6513447985324544 0.03060648759021927 0.6996230640963584 0.9008877876243007 0.4240897930381894 0.7552945729444529 0.8799468967851004 0.9249157947587096 0.01284604977311992 0.827880293680751 0.784795406415503 0.9694219464288857 0.4686242225750939 0.2369003514596994 0.5181576966598838
 0.08971404771137519 0.3284145052797523 0.2553903277654924 0.679295010635124 0.3574130786844048 0.08532065636429779 0.320695884929608 0.4605874727664056 0.2218675595139424 0.4751631828586102 0.9379488917350491 0.6107468703099184 0.02384470937608911 0.3331023302982708 0.6886434784271755 0.4305868230197483 0.4419092521584764 0.5697064127004005 0.03439454854953887 0.4993045859194697 0.8851885088468021 0.3908390031463124 0.03822235229676589 0.9904581836281781 0.6124371871998812
 0.8913871667946216 0.8993123569178241 0.7394853604336905 0.4787427014754803 0.7674129615211337 0.5339531412846583 0.3984962471282006 0.3320210269710507 0.6408229602655546 0.6799182552559726 0.5053627073754186 0.7434180748191271 0.3769176641021361 0.1021386573455187 0.8039060162287529 0.1683438777773646 0.6651566878865225 0.597480539574162 0.6876962580615993 0.654991233662659 0.9405660700259204 0.4009873155197772 0.01916228116503431 0.9389565832852613 0.04177832149844744
 0.02918606272037221 0.4766646030979243 0.2332452748962913 0.1787125798924741 0.7605202730995696 0.4245196829535076 0.4706026480817024 0.6188964959206771 0.07476196550805141 0.6059639842450125 0.5715459141064915 0.8579412044794302 0.443885699483519 0.3362326387478717 0.4467149693069554 0.8950961678973467 0.522776137433418 0.1878530189129833 0.5768240954077192 0.6613051402540976 0.2905632444124077 0.6574460036623658 0.2083599070237072 0.05457934464742524 0.09731296953008388
 0.4758192249632494 0.7022274006879051 0.2790274162777498 0.1213913447701888 0.09753716371598058 0.312420064918782 0.1262131440457352 0.2824346309989321 0.6994429441793056 0.8342335940982352 0.6444040498174248 0.8198799327826988 0.0684978350862198 0.1593025363903957 0.5870126415723457 0.2534783605407863 0.8367825754720786 0.5892587308419476 0.8912078105911295 0.6743174393978838 0.05155506811059578 0.76289700602073 0.7713507169969399 0.7782464083272389 0.9041520590623682
 0.7594199841613956 0.1558307597337773 0.7508336581991226 0.7082956452180678 0.2130186940153331 0.6246992710896415 0.04900208879899652 0.3278304024569108 0.5014397849117231 0.1299178730437247 0.2285437310104938 0.5986926020952392 0.4830009752987255 0.005417835425116246 0.8378884014811137 0.6652657563206202 0.3464236080088881 0.8580013323314691 0.4891803239871 0.8091212810737947 0.7892751832199815 0.5023620690017589 0.3455137029499889 0.04153768822828156 0.8066130326288709
 0.4947084927045948 0.2251040025157736 0.285395719891593 0.1525291724796462 0.5576416012337561 0.3575201688208837 0.6588544578282326 0.8818127996537175 0.2264594005060238 0.8375326625077706 0.5585804359790231 0.7696361818333792 0.006456086691250906 0.07305943589354751 0.3897823744460279 0.1927121222006199 0.692896254710805 0.3566499720414636 0.4777123545823752 0.3182644946592096 0.2369494379901703 0.7567666569793801 0.232047915072421 0.3689836422440229 0.408532165249015
 0.3668025749851637 0.9081028010836634 0.5555143964552723 0.1124397060807329 0.5922340061104826 0.987421262361178 0.8923491670826023 0.2130581861840915 0.4408166220310843 0.5657071994099745 0.6908605420783075 0.7685637001820351 0.6011452731083075 0.477756904815622 0.4525285123181343 0.4924758694574959 0.2206790337212139 0.177236546202623 0.9498298069864366 0.4755825533473484 0.6561395231415321 0.3328393808066225 0.4336032979774015 0.7566983158087034 0.3272652766155521
 0.1314449541768389 0.1058723271020931 0.3062846255502088 0.9231684194791661 0.0734996752657933 0.2936327764087541 0.04339248506629838 0.5431941435589117 0.8146510010571965 0.1233214386564084 0.6805921185552097 0.4605718892665121 0.3865172686174844 0.3938007022622402 0.972155420217136 0.556674873937175 0.6825516317537056 0.02728739458857226 0.4641583723919353 0.3731818413469895 0.812692664485997 0.5446259330924923 0.4723979381216331 0.8699238989418417 0.816346943365727
 0.3091780294875284 0.5759552362483695 0.6992493546285821 0.9429497163085064 0.6003881958783179 0.7182188300089039 0.2435214730158551 0.6338472520534556 0.5637737289546344 0.5384491206862847 0.5945693214480251 0.06139026791320128 0.1814232579048413 0.5408183195496802 0.2761881700664112 0.2641147376360956 0.01682808285627595 0.2010534651360089 0.04252860063431944 0.200631952837316 0.1314642752817989 0.7538261846168546 0.2958839499877569 0.1898006151542034 0.6752094835653313
 0.9783323147690013 0.8992663356234276 0.6897967359170083 0.8165532199469643 0.3744990372726322 0.8806504597868611 0.6496793077355408 0.2931010117248952 0.992992453042138 0.5674827500401779 0.7099098886452418 0.4378666103052086 0.5353585946712159 0.9064217463875006 0.2041324705600481 0.2168776204931057 0.3306973406975114 0.7434445644130427 0.4852155387461938 0.1204651786679205 0.6764931717679602 0.07681652307259816 0.6701657876570845 0.3104320465821359 0.2940636331286441
 0.001620715556566998 0.5654972968035975 0.2031934559056853 0.1998493770833366 0.4121044111484284 0.2066139271650112 0.7132503300565536 0.4512554904051623 0.1103264980460697 0.3085353841668495 0.656402002510155 0.6000007439677972 0.8702113718497999 0.4516983611754996 0.4185415054274049 0.5583960014774261 0.975877384134451 0.4006524028449033 0.02151811488433835 0.9837200161803545 0.3149345376941572 0.5009895463144831 0.6671639898500747 0.7637892448703256 0.7770273429305931
 0.9242381532359045 0.4431452046453667 0.3026040755596687 0.389506539636521 0.4745411219868862 0.2725312742243538 0.8993278877885414 0.7373929646825335 0.03749236537072213 0.2430685992251422 0.7617125535198218 0.3740690989397759 0.3522572167509539 0.9848307092178991 0.2659372679731943 0.5462808029149323 0.2187901281075216 0.5355582977122465 0.1912602592503747 0.4510164549418988 0.1529243325673056 0.7784079147003657 0.3358370826388712 0.2055712316059852 0.6845146002707363
 0.8867491871486261 0.3345899504974414 0.8076064690422178 0.8844516077357099 0.3027659530515809 0.3118198899782565 0.2703356889396404 0.1590944350637315 0.01901958594153634 0.04728152352764496 0.06677363833573983 0.9476957461603176 0.3842645585599866 0.3738708789085554 0.9469807302562115 0.9030906941214382 0.4179982768652313 0.5888057874244348 0.1084672628332343 0.9410711116981262 0.8694351044772428 0.6344685508581667 0.5401800948727907 0.9214922725639435 0.8131607052265174
 0.7361052134338487 0.08935851503003094 0.4333114524642062 0.4150340983758745 0.5156218590622379 0.1158967709901303 0.2500539512122228 0.8972093078430428 0.6071671991654706 0.2290709615246886 0.1782436921901965 0.4112039743904597 0.4615960434993019 0.05401680440222471 0.4283263438634565 0.9275599331611862 0.2154139814785699 0.1160968197696561 0.6801986288627492 0.6590978394244567 0.6540547908422489 0.4964998922316651 0.05734388400559347 0.7639399259942147 0.3821591369378377
 0.03095444760086001 0.4106611649757526 0.7275209813085506 0.1808502827715281 0.2685854989455597 0.8914679400088624 0.8670334900039665 0.7418830938963836 0.0952451297536651 0.1876093895845505 0.6181111917678591 0.1125551512031189 0.6683015207025207 0.5939585046823718 0.6019767856634134 0.6134660919893167 0.3058346811210377 0.5623352849910851 0.1125960828178626 0.5825638884094582 0.9758765480369889 0.2882865917683723 0.6734640520262615 0.02713009111799218 0.09204684127707601
 0.4001232792657506 0.1139949322930109 0.09660612106778536 0.06489604607415837 0.9819903011869996 0.4529020388803524 0.7393132284745176 0.02741503825255303 0.02605573791748388 0.9868306873051631 0.9625146456247283 0.2160008033769681 0.9422323889167261 0.2280951262665388 0.1198853865281503 0.1292177999108222 0.9709869866717811 0.09429110599344341 0.9513681060479904 0.7276123109513389 0.07915631678768058 0.9954357837816444 0.6845407231587163 0.6607915093201141 0.1621133576325703
 0.7646254874927703 0.5848560380376485 0.6392383690329432 0.7250581879428494 0.7079418870654796 0.15519527862459 0.7125792265189119 0.5533053242983823 0.9219110850594694 0.5131760654512297 0.8475344850213287 0.006327613070192073 0.5501008212257248 0.1447770828281155 0.6298072041091515 0.6302137540569263 0.1319175929301541 0.735356450859898 0.768347636169016 0.01008243385004075 0.8257813202541218 0.09604925994751072 0.483352844582912 0.2626243788602723 0.9781463446597524
 0.7491054394788035 0.7901639257504542 0.7767404575750958 0.08415962393026326 0.2414931683020443 0.8472621821485505 0.6281478119332161 0.7062741799578715 0.3850080398419281 0.5193121246098397 0.8485484721623814 0.9842998828259111 0.4630930294818512 0.6436966554374645 0.04554517748174795 0.9734300990716797 0.07915402307028256 0.8604899243769857 0.5340127371937063 0.9373517006066063 0.3653969741690125 0.7714159479473135 0.6459647028207506 0.6125442994158048 0.8603139021738631
 0.6648940241877409 0.3142576641224852 0.9269491968774697 0.2602115833540879 0.1180644106085706 0.0671905291960652 0.1289491357584852 0.7046871219775237 0.2093692456552893 0.7585518875096459 0.461420679551042 0.9294377653976382 0.5662163356031151 0.6508063684867689 0.2473881418215325 0.3208826355643407 0.9136685348543553 0.702606158596219 0.9363566394843245 0.05722515756522321 0.1291729078022545 0.673837920319894 0.5893575918739217 0.1469506181606638 0.4536391867494842
 0.2339433819501351 0.6357520521396463 0.2736325512378158 0.04478865184299723 0.3213395984463018 0.590436969370803 0.1220372525487527 0.9716729122218752 0.9527765199608259 0.5379578329182685 0.5038053883301656 0.3289254249402866 0.7171729180728516 0.5263727835114091 0.9333979090158493 0.2396685403580395 0.04630772930135123 0.6746700616413092 0.2086401427861861 0.1078628569939754 0.1477532538759379 0.2294677488274432 0.8010344724942668 0.6270894701015572 0.352685567188505
 0.5982000747077787 0.03686199498234037 0.772865743024488 0.3071301004528804 0.5131869707776077 0.3644181237984388 0.665098595248091 0.4917619665957934 0.3968329623709378 0.8724224489955212 0.6605075779778602 0.3010445712800969 0.02685639057806859 0.251899304863707 0.1641799486644661 0.2718494706112178 0.6084406175370769 0.4688004559567246 0.1919074086880121 0.2370255204160438 0.4786102403837018 0.03269138518649133 0.5808879713542505 0.3096313233935205 0.9764367076164741
 0.05245128268343706 0.805050177486421 0.1030620236490817 0.03734574610651702 0.6998312141690738 0.7137811690958595 0.9102701293353023 0.5778535637348823 0.0951794203451604 0.7945826662447573 0.005975473098293649 0.05400761804511382 0.8249431691743671 0.05810383014124625 0.1528957556971764 0.8335931874752043 0.3457850180479211 0.5083409252353358 0.7236245409784257 0.02738128719513748 0.9969742523760768 0.2129187455260509 0.305153961466416 0.02936134289879793 0.1752086414387389
 0.3944164599178993 0.482151064494185 0.8425935240621485 0.5345902117811675 0.092192298184459 0.5472065628568382 0.9827959365051555 0.1458558321137824 0.9323309516332345 0.9115685178495165 0.9044807350219799 0.3655258681690551 0.8945512704969588 0.0679002527245494 0.7467231224709872 0.06810660560158192 0.5856555252776695 0.6753574056382139 0.3483994947110464 0.006800476914246833 0.655883125308914 0.6762066329170761 0.9554465191481682 0.02239711888505895 0.5278217870275371
 0.4575309283181935 0.3037281032700614 0.8871443476367291 0.462617304960722 0.1391954775588671 0.589928531132431 0.6307897614410967 0.5892145431051463 0.4377946244711654 0.6338732306857393 0.8593501313617099 0.9691790525048252 0.6744654943099021 0.7085128120201504 0.6156159051127726 0.1724798801841734 0.4469567618148618 0.8783014019232206 0.2840068773115622 0.4653525026260073 0.6330682566299417 0.2752938996279914 0.2195557556455314 0.6099580081298979 0.861540847592381
 0.05184306787078923 0.715356084297293 0.5309617692966481 0.7815081480829884 0.6494349343466277 0.3730493165934141 0.1432344150945959 0.2996038597796996 0.3564787253290793 0.4854817554493453 0.8708766298973583 0.316944301070009 0.508724511942061 0.05044247506422887 0.8864339095357773 0.2247066379725695 0.392030686048199 0.04878466563366916 0.9591752223870854 0.2030962286721015 0.3878475052921105 0.5447000936488063 0.04276157685821562 0.1763187609765278 0.486726219294386
 0.9021960346281467 0.1265626684599884 0.718847800555618 0.8163431455424326 0.1573302316735044 0.4580929238569207 0.3476729558568933 0.9155562970815725 0.5329965057225498 0.3377037793497702 0.05414586129527359 0.3515158449625821 0.2389962994019315 0.7970557768633113 0.5911873036684783 0.6620102376942195 0.09272889846838721 0.7877101347052815 0.08018659885817485 0.4702033607517747 0.3895083929820535 0.458490963853105 0.7084184226946819 0.8909139508348181 0.06519951346368728
 0.03519971904302492 0.492719187087157 0.3150106475752344 0.6600842640944172 0.4642481443645237 0.4995112179198913 0.9411491643623832 0.2688801708208967 0.8717725417565635 0.3496543854352347 0.05519538027117847 0.9242355566330818 0.6343904765033387 0.6326383366823518 0.8217928099734861 0.3710353697437 0.863825250038099 0.3048771081946449 0.5078883299940333 0.9164395561835007 0.943008828622992 0.3689683870074172 0.7806141890565598 0.1203579967206561 0.8852752833309713
 0.8513919959345443 0.6590470472490123 0.6170687971871112 0.03439387262654729 0.300363580021663 0.1792762915259246 0.9992717980716204 0.4089464743851522 0.7892298035901766 0.3507570765057077 0.7957175889519202 0.3221489713294498 0.7659292803450626 0.2391006871545964 0.2920216726003799 0.1942921519781698 0.4393980069958675 0.0006576119480934839 0.4927227818253417 0.6164070032780284 0.2113744420305839 0.8137417238844501 0.721682657235052 0.3495472422322881 0.45280245957965
 0.5621856279170081 0.3862693195869352 0.5268222599951446 0.7882717900455856 0.07082979443497499 0.4810919900675228 0.1343744792961439 0.3376513300516504 0.8989389432348888 0.1987347968789595 0.5400165882117013 0.5615363450747205 0.8203394892747315 0.5925322575826979 0.5821766671685317 0.7946015055046516 0.8812881587966721 0.6049283400505242 0.2926031764150578 0.5224755753779285 0.3497516529385772 0.1153112649339304 0.6458185463036632 0.7986326005104185 0.3077475167163564
 0.5976473362800845 0.2872013004057383 0.180358605406899 0.144958029680106 0.5249499038208207 0.3415932920842572 0.538636346127175 0.8055860927297991 0.568402140792288 0.6910118316693925 0.7042170445123392 0.7706127148034535 0.9659452697908966 0.1451190298787576 0.834389863013443 0.6676201189554302 0.8224416401425259 0.008960817430461 0.1647626980981812 0.02401935412813587 0.7528541902573228 0.5975375894244986 0.1732758814323486 0.7474554126463268 0.3460253645251415
 0.9396523288676781 0.6343864975991784 0.4695033770454206 0.3713220082439193 0.04995193106973998 0.4869753789933328 0.6045892807403882 0.1835215510213064 0.8470196277159489 0.8942096934856696 0.6766448524360303 0.9456578811213727 0.4268103549837673 0.02119301471493245 0.1344776352251681 0.164184352662258 0.08047651104535818 0.2070226554356423 0.05797084398137024 0.3155443067724545 0.1892677430633964 0.6912273425624914 0.3649349028606689 0.5541909725846892 0.1811121437671993
 0.09780108293781446 0.8227571045151265 0.5414086317630512 0.7285198501577045 0.5790525543840905 0.2546206898700819 0.8180853800235081 0.5257983245376194 0.7396599291479106 0.9612085880512508 0.2960580023129606 0.1677061055722235 0.3838860548740016 0.4989467210524517 0.1975780223477479 0.1010540048900958 0.4776390615887615 0.7472581013272624 0.3750310611347666 0.2354089727581096 0.3155169650657312 0.1447785654007672 0.02425715086143814 0.6431863784345696 0.8395674853961278
 0.6312535695058555 0.8293458898613513 0.6821244792873599 0.3388224305365153 0.4512424140062667 0.2293657805998028 0.3184290208163403 0.1289095638881554 0.3174121740229205 0.8876197017464588 0.1146185207607433 0.6572886415631453 0.5652765592387842 0.9886296463963506 0.7590828225344043 0.848316810869612 0.006816818796290636 0.9853314511968909 0.1053665894058281 0.1819341930903838 0.5279945654448122 0.1349192411444119 0.4171570361688178 0.4028702231187286 0.0413352390941311
 0.4689613588451203 0.9135302069379621 0.7988623112720378 0.1445466530767525 0.09974867646099843 0.4129841523083356 0.3049280974891638 0.3565725218956519 0.3670132362230425 0.9069146478986148 0.7588094585729495 0.3955608165716398 0.4439004952266353 0.8255556288108273 0.2761362012941708 0.2350057432042572 0.7012006163094532 0.3533758381659619 0.7961430649206338 0.4302672979731855 0.8716765215287406 0.2775280818334518 0.6286128262637755 0.516175781404142 0.6680049248033784
 0.2312381659428028 0.7115534266687024 0.1486874328118716 0.2782093165243314 0.10120847205064 0.171464737603728 0.8049475557823892 0.6248326124655748 0.02266035135806004 0.03553856157496342 0.5278097796363319 0.0704669545153787 0.5745931981576293 0.03678868868195077 0.7093075964174965 0.6194359633767318 0.584198676377629 0.6995754210222336 0.1703719923620003 0.1373123961631714 0.4703261986688543 0.8552046585167594 0.2427930941031185 0.1065578494075397 0.02464414879691062
 0.4483494558574759 0.9316400035252035 0.628857147218967 0.9894615122725969 0.6287131835835207 0.7999533974451548 0.8186784338961989 0.5465666123880768 0.2225325286709275 0.1006085895149859 0.8807898269970502 0.1048528690285058 0.6934893569575699 0.6706154393817124 0.09888942558776896 0.6814486266855836 0.5938410703354512 0.6044752717618209 0.9914434037513559 0.3100722278471298 0.1728397394092868 0.1349677480158447 0.1567963299125186 0.1487020236076318 0.2488630020646016
 0.597905403911155 0.0084814290311243 0.5958845936711308 0.6140391391014738 0.1468653569924578 0.4499519676495156 0.556294754861258 0.9194879113195643 0.3523756688658783 0.350853816642717 0.911617089041333 0.8844806023825071 0.7522549289696018 0.1549897787223292 0.353571798208486 0.95997683456144 0.8406851694641365 0.6778655685524262 0.722854332857394 0.05496357648162468 0.207767379541754 0.3591029815764518 0.9204084242390399 0.1624187916140129 0.8360478773201058
 0.790113579316686 0.998998954613794 0.9160489403999965 0.5786698289024456 0.9589203414962916 0.2631133401674178 0.8380507923776153 0.3580320343347231 0.9148237460656244 0.4223815774775624 0.3413405730101854 0.853622888405249 0.3953735042192204 0.3432140014021101 0.1090386913988073 0.1842479138062961 0.5551836100222343 0.8863835378023386 0.8564780678721479 0.8147764566268683 0.002066466115693988 0.2803252220338369 0.2534113398123011 0.3015278821892562 0.3163288431898341
 0.05938496949774212 0.2861763242046391 0.09992087867180326 0.5053972640634491 0.4569005682382853 0.004630795984925151 0.2639545727181311 0.242472852125859 0.5397845553016732 0.1134027642197213 0.4097850955324793 0.9814648439183746 0.3642199430846713 0.5348199587226334 0.3293603943506104 0.08232678545091081 0.6771939875826898 0.2644854503346205 0.9759674219283881 0.5873048265471651 0.1541722351964375 0.2942015807043398 0.1171938047280903 0.6238500327872296 0.8549713985216211
 0.6000452588883836 0.6872501929087145 0.6852429958459524 0.7539741629611909 0.008561630863650516 0.969866237191395 0.05872410704523716 0.5350931393204377 0.4586481465986703 0.5505223689639093 0.84195296155271 0.1986057475664415 0.8927170024008155 0.9904322781466115 0.2788651508928201 0.817494540776906 0.3180526577175616 0.8452886061678143 0.4897870063013482 0.2884490120827096 0.08598508480395155 0.3644001129020794 0.05098548920396111 0.8337991642125006 0.3648723233853247
 0.05041826890775873 0.1111156963080306 0.3954066901585322 0.6461665581756196 0.7615638083461802 0.999583396177481 0.3340754643096017 0.740261712472142 0.7821114225524421 0.7707151801277071 0.08317797156322652 0.6386572961148322 0.1189787199667463 0.1741854104506066 0.2832573408312681 0.05610911982587245 0.5892515729741107 0.4721854172953857 0.01739983589088772 0.2438317474659144 0.08152001348673892 0.6937411408219933 0.8691669304399197 0.5059805605706185 0.5629834674547891
 0.3021550424169212 0.3587390071993606 0.03149902801159303 0.8867166505549922 0.1753138561927952 0.2728766311420167 0.4083039687634065 0.6980663812642121 0.2368231736313154 0.8338747700056774 0.7448251267572591 0.8388988191018997 0.2452631033466637 0.04936214156861833 0.7079639253364212 0.8343123200353311 0.7828944367811635 0.104398459459654 0.7242772004409845 0.3653087197696753 0.6883434744037945 0.6501408694752102 0.2446363738267881 0.07086219811549969 0.7514944958410332
 0.7625711957923023 0.8593110883254185 0.7361838347746009 0.4549759387960071 0.56660910203258 0.8737992438863716 0.8485346407170051 0.2800223829686333 0.2458402738733722 0.6849755883504642 0.3194214776213112 0.2757667954915872 0.6674307367939547 0.3142155678522802 0.2149242112643131 0.5759691810775671 0.7619209183048855 0.833001726327985 0.2771423681889293 0.6303333074309668 0.1928200403499779 0.7165292973066234 0.01270544525109778 0.6341050036896573 0.07712918432003595
 0.3162868885605764 0.8880469188265456 0.1424155689532774 0.346624313412567 0.3697190743769003 0.3492061730930455 0.2693237977030113 0.7458249597708996 0.1474666516570828 0.04932964997668614 0.3925496116386 0.5185392641074675 0.06909625234774723 0.8679542829553696 0.8871614278796975 0.1394807502274243 0.1732960903939996 0.6502333496928653 0.1826027016035295 0.4515667813741521 0.03708246646686413 0.8092577395787489 0.1964631225292593 0.9206317608717051 0.2345338752907219
 0.5926146570191229 0.9205085305119068 0.7254946204135504 0.9100707145669455 0.7071650107564493 0.6824847208046169 0.4705580805521336 0.3269104305271637 0.2535051189923794 0.6228935992954749 0.3246492893906511 0.6881697507786418 0.8349174034284264 0.04198369658238259 0.5506454779049067 0.657226476119838 0.1972033405253603 0.9979284063879912 0.5412836498176656 0.230577346237518 0.07665135419276185 0.4172514066387294 0.6507082009437424 0.503325508886945 0.4906397189459173
 0.5644675362565738 0.1295462992250478 0.9621903469759419 0.4852193810104997 0.803089931039263 0.56669466998999 0.2866814875986858 0.5102781883996257 0.007879230220911904 0.336643084287002 0.8144369031534482 0.4602577605781856 0.9812810727763098 0.1151104832540751 0.645211540588726 0.3957202778402957 0.8488306894586903 0.7239790366825706 0.2255303932314022 0.3737625357944608 0.6753557625489489 0.8279438790404517 0.6613188924221632 0.4768457183672125 0.6716747161124513
 0.7481238997684149 0.7255665512704439 0.6009256276616273 0.2614197601336426 0.5980576514060739 0.2728795258172724 0.3561628312812427 0.8114415969415034 0.4756009490632665 0.04541378242593967 0.3116694242866829 0.6194911887739322 0.8475674546633859 0.521457048658188 0.2475528013655763 0.7528563853247242 0.8616434101807099 0.1186736572347077 0.1418897852141502 0.6144135321375678 0.6179737870088116 0.3058098379936139 0.9664725790012045 0.1551353963244996 0.08403927325037401
 0.5432711965671189 0.7750589634380802 0.07149036019875325 0.6798468360722644 0.009936139856144988 0.8819742823962087 0.6584787342594455 0.7440569239145557 0.1947595472086789 0.4064472107010478 0.6528698536489356 0.1992445217194755 0.5523462076978585 0.8713647341409636 0.6510617461937818 0.3045589338327822 0.8826590587374953 0.4864071192015288 0.694174329489839 0.7198182834328526 0.9102127734743928 0.7488099826033886 0.7110380319324353 0.5118261278826114 0.3805594685862241
 0.732529431490876 0.2781651966888919 0.3513468616352377 0.3812237935881411 0.4883806449206926 0.1121673872461724 0.2935453630449434 0.2356903159789227 0.191968713585433 0.611721847739978 0.7422550624235472 0.4741189639973751 0.6994502590592259 0.4943176165024724 0.1377802087481965 0.214898246573152 0.5502764886708914 0.6392964122238 0.8960506357022183 0.9716305011931643 0.372361926599071 0.02237383466862002 0.1003467023374829 0.1091776901393176 0.4518662678299627
 0.3940750757297352 0.7854215658516155 0.06256047660940815 0.5986953898855604 0.2817171965621199 0.5821313672593275 0.4157574676558471 0.7330860204088012 0.0909327828652861 0.5423495025192873 0.2928944131927151 0.02391585075988538 0.3333351502724227 0.2929467412865577 0.8108451662442063 0.3213975061177241 0.4088149140950896 0.7314902460056131 0.384036910960349 0.8327297225165002 0.7785617982179017 0.4761389952419964 0.4024723877717054 0.3016668323506663 0.4466881396128202
 0.9131044275407588 0.9750652697016983 0.8502142593218565 0.1617376339131103 0.0365530236737001 0.3977916816884038 0.0589443457224547 0.7251444044634471 0.5882829809934026 0.7373778779201181 0.4278555044490177 0.8202362961135482 0.5848772677595743 0.5818895594764579 0.08472140450708714 0.4376215412862964 0.9630933600293275 0.8401119497993843 0.6590886024570868 0.0846260932479385 0.4286812339744305 0.8852261396024972 0.5225685835425616 0.3115490949764211 0.3250212322768196
 0.9160894916404375 0.6003431276611463 0.1740198964449419 0.8238239035193546 0.9828610664415133 0.2203522945768329 0.6117097840448468 0.02053922095600784 0.8907599597523124 0.2372207783642172 0.5839528338139532 0.9768348508703848 0.4549288186923904 0.4740309284945203 0.8794617706055337 0.09751133307547248 0.7168533581724738 0.2251958567954909 0.9831287149455186 0.2715133388158137 0.2168706943782443 0.5420409116966728 0.5833747692183955 0.2445476903176414 0.6052362146366375
 0.3416761043244284 0.8591758691231021 0.8771218528810456 0.9541203605123814 0.3858183290688184 0.5643720671008325 0.5616020557087179 0.7864792641617462 0.710042053116441 0.74801400508808 0.6290083982617137 0.7286722344780581 0.446320164127027 0.3984493718023696 0.8381778325346338 0.5783322900247311 0.7592806441961023 0.0859542553621702 0.1194127111489309 0.9590097016250391 0.1437669095649185 0.2945429287910086 0.08426223774403967 0.0509704717215425 0.8044739465966776
 0.2029958034114449 0.6961441580583534 0.04713344046368111 0.1897485556773117 0.7319803717002389 0.7799904645207308 0.7540703588657681 0.2601389895208061 0.9367064694037173 0.4717934372575417 0.02036237806943013 0.9271515355447528 0.9383879377641511 0.6960621852191412 0.6325055235232812 0.04614448307582046 0.8274029948504424 0.8158483773109682 0.6005804506941347 0.765977887244779 0.316818737974334 0.2379341995248449 0.4401463014035291 0.3791728560038862 0.3220884746225877
 0.6682012661591498 0.7022956457845805 0.1455050047996904 0.1055099139523256 0.3347536582809583 0.72731307877942 0.2127438736831508 0.2581382521297179 0.9430338095317116 0.9083609711511084 0.3128495994312239 0.6347269920710467 0.5268613461662349 0.1793081405807519 0.1820808473731214 0.9421869460577283 0.7213832745531853 0.3475511405180616 0.6353003103995974 0.7006607882191729 0.4725461303449787 0.8997442494195931 0.3766528818354002 0.739039825434201 0.7938765416357669
 0.5654664788760425 0.9894769953049345 0.848866851126147 0.5342801509974378 0.7508287896708078 0.9674074279880566 0.4466298747563212 0.5018984840010754 0.9347430190889671 0.5247904572234239 0.1355789388504013 0.8629428079294205 0.6315748410833333 0.6023035683598521 0.05203262490765441 0.8119187337209621 0.8549376656736277 0.8059325739147764 0.6701545640083323 0.9487070895707713 0.1346817707912066 0.9512585940089466 0.9437142987567989 0.0761853234545458 0.5842554016013517
 0.1932559848011089 0.1153349168635323 0.2616559960470724 0.5686042067069736 0.1986717722772092 0.2921872016653708 0.5862195875515296 0.08066176851447386 0.387522792835273 0.6971433228051044 0.9255684465089654 0.09396789098483165 0.153377619753404 0.4453411733509952 0.3562183582805444 0.4051189520846187 0.1178655576695969 0.2303391114392428 0.2558513760335525 0.2041420511259138 0.577120424087566 0.09588878828027374 0.380944036893594 0.2947032258380546 0.5375816140629136
 0.4126069037632135 0.2052345440877768 0.2819468675309334 0.8926835235348447 0.2211448762222822 0.9443946134818707 0.7317431816489769 0.3110041232721114 0.637314152137917 0.5334948194126667 0.6610869718431091 0.2021311694899346 0.3089938834430152 0.6701543848326709 0.2654638623350539 0.5202615967137036 0.9939643841856918 0.8251614505687389 0.7959635694756692 0.03388327401798234 0.4656357002092205 0.208143067682473 0.8527526088381887 0.941133494667636 0.9374906881964881
 0.6445900551807858 0.995238300770074 0.8071737737826108 0.07722735189644496 0.009618786462570795 0.3782781592829533 0.9945718010565266 0.5223814952259591 0.1745035034554455 0.9852674034827917 0.5258719710180387 0.8053359437189876 0.3111357388051844 0.592259547308039 0.8901216209533458 0.602940655519184 0.4374077124700015 0.9660217510877341 0.501702146817644 0.5351075551550386 0.1741022513142126 0.5932839044844138 0.7525428269785813 0.4638638169708267 0.046775364858385
 0.2689568722581621 0.1568549767367385 0.02389766141416665 0.6967537712537288 0.6088086758332332 0.6890091076371224 0.4650728598593071 0.5453633068083474 0.001955209907865729 0.06226398478596488 0.8280249014145502 0.1200790286171798 0.5069441042245206 0.7821297918035158 0.6090839838204611 0.6190054602111695 0.540786017517463 0.3766920775657783 0.2581759128438325 0.3196085472414389 0.7322787101927725 0.05388962483022912 0.6088739767321971 0.8261654900464631 0.4929223428861606
 0.8098178264749669 0.02277972393480403 0.5461196737728923 0.9691280685815915 0.6076932251124316 0.7041628116444404 0.002710217618799349 0.08641489024520015 0.7682744964604196 0.9268880886501516 0.1583310052702524 0.9607431084973891 0.5428517274908492 0.6775282303723487 0.2877969214303756 0.5550358531672541 0.3304526895339968 0.06831547989377544 0.4216166288973797 0.1566731801113253 0.6891923026433945 0.3440264011616699 0.7423332699209633 0.418015207801836 0.06809438613888945
 0.8560169118639789 0.873982566691511 0.5788840980667682 0.302258320438418 0.2630648587612527 0.767867193300886 0.2926480529240855 0.6181800986466569 0.3724279188067451 0.4124995687709629 0.56721726388988 0.4405868959413731 0.440777365407864 0.3491238500987194 0.1512668732626245 0.7761681916880981 0.8365378876154015 0.03070006571963073 0.7982211624265086 0.1477484396550343 0.9305555453267059 0.9405649565805682 0.6276258591819881 0.9501555527982203 0.5059184319198978
 0.6655960150541118 0.5697790046270325 0.4543239291182948 0.09823485840193462 0.6024493247337018 0.1965552034793941 0.6773937196043047 0.3799092090478934 0.6576908402807689 0.1921878426019145 0.5330507611238273 0.2458863424255857 0.4772561062198529 0.845174834604588 0.80769612771482 0.1637195063356835 0.03902133105698762 0.7236955074589604 0.1010493391633607 0.9412468339625143 0.8746082359139655 0.5539031617613281 0.3586511412715704 0.5622631897722727 0.1284511786108192
 0.5651063279004388 0.6120667022839816 0.4395848936183049 0.3239130702210462 0.2228957226711404 0.3878101421212261 0.06340762046298125 0.6871588382701914 0.6711783993783426 0.7411244370419477 0.3734091671888716 0.3822434168134654 0.4251478942511132 0.7058470357714645 0.9347616645566255 0.9566798252141179 0.4209276957706595 0.6906931613625092 0.8764556105263271 0.9964921147466768 0.4279502094097544 0.5539918680095263 0.6247373937982595 0.1809797972533317 0.5950538299824576
 0.1885721997501483 0.9363650909871565 0.5051451015903929 0.2146890848214818 0.07420634995703428 0.5911121254569746 0.1129976390982045 0.002329950262424263 0.2041835682045788 0.07631465785253837 0.9456085401707964 0.7147382090108045 0.4563013891287953 0.05074540505002682 0.7121368508216214 0.6167344505928569 0.4252288610004768 0.5735225876892311 0.5851956900955773 0.3581708017855179 0.8631120854668742 0.4060525704437288 0.4960874466868329 0.2018708960036398 0.03395199714534385
 0.269229022266376 0.6956406339684177 0.3651079417954228 0.9133067892040255 0.5193629146967247 0.9814633843949715 0.889132258616429 0.4639672163203307 0.908494075231256 0.5212713226105182 0.7427599953252627 0.2146371847384623 0.6447861766155838 0.8415627988984915 0.5272126990512301 0.1844387932339275 0.9001911569927273 0.5396130697877837 0.863406014497056 0.02970239576030525 0.4196072174269082 0.6883349177332688 0.8997572378738343 0.7725120306132255 0.5347896492749586
 0.496778889261495 0.04545276935901148 0.2138727129283359 0.1184003228019563 0.2578127199949897 0.5096713638315954 0.889974653465554 0.06855571730352654 0.1716704824849152 0.2516578382334688 0.3264009512098602 0.5373062526129808 0.7938837646098716 0.2793355508931798 0.3851491376934971 0.2050276871585494 0.7393741364227456 0.7159027474046857 0.687988420544529 0.5634041171803479 0.7346997135998098 0.5362232763898301 0.8585013975569814 0.2200413159913057 0.3751736199114498
 0.289633830398387 0.6279197880895322 0.6821524919866002 0.4833347630300436 0.4263912262039644 0.8965157478608963 0.4752923175851086 0.9758472553796582 0.5426337175832177 0.4184477343558409 0.5023593348347046 0.4845604227375418 0.570652567353748 0.7271861510783459 0.6524505373113794 0.5490983551978932 0.514029339951834 0.2523999098297977 0.3506245113508802 0.987960917998513 0.4268229506679951 0.3307134408956976 0.7515067798191284 0.7608463928923457 0.6283053765375484
 0.4923573583618846 0.7983317912055483 0.2714240117075532 0.6318898776514381 0.4806283445296853 0.1756324675910667 0.4331617298615819 0.3994335469312435 0.5476401407646019 0.9827291712323171 0.1095235825204572 0.4181303941823625 0.2341052838848888 0.1649894923870557 0.5693204088452021 0.4040639268765897 0.01253302322784393 0.3558619711379284 0.4589982563454011 0.2583798635538154 0.001662877489006887 0.8530019839691451 0.7635832007143233 0.2432132733784734 0.3666367122866157
 0.9951291115446754 0.4814329325876992 0.7376093114071958 0.2716613315768032 0.1698784149229819 0.04945489509466831 0.8416338563523551 0.3915297836797813 0.6854858552394177 0.7297890481344685 0.4992171982958799 0.8621643339510462 0.5294025403055522 0.7197901445686026 0.2572705796110475 0.5253379667603397 0.8734327087018203 0.2537570929346184 0.317936480920687 0.07372605765587086 0.4895273609846254 0.6007708244042642 0.5539506192147601 0.4725649529769559 0.774413088129724
 0.2653366585191168 0.9576463499463445 0.9608093471132061 0.7368761598471205 0.1556157543902533 0.05794978703905899 0.09399134906393107 0.1321073882021305 0.1799238772136393 0.6147025778464488 0.937361417366672 0.4877553226058187 0.7676367783353505 0.07815419276979944 0.603965781181463 0.5237373354139199 0.8930818743114048 0.6740928337668876 0.1435909013149302 0.2546406119018281 0.1380903030263689 0.693769902294055 0.5982803916046634 0.3780400937445519 0.9933489822166223
 0.7109859335035724 0.9500404368533243 0.6220037914134612 0.633950219890997 0.4152526315449387 0.6294155498259143 0.8845636666698804 0.0932847464021636 0.5063506296709177 0.9416456897938545 0.6356494149105391 0.750594138062711 0.0175675543026899 0.8107028552660889 0.01674647557494151 0.4886757315150866 0.3851001167174307 0.0766253182285848 0.9232145422959365 0.7882087003630777 0.2137771050592861 0.8760925252362107 0.4631861928029088 0.7112270936629547 0.5273462665175486
 0.4705868167360402 0.320964373035636 0.1355889014405886 0.9909671697149697 0.6756734900332663 0.8640985171681406 0.9388201024092101 0.8077002813800285 0.3052945129825914 0.1923975550103886 0.3990857846141639 0.05755247007052115 0.6515609001515632 0.6082035680734219 0.6009214817166916 0.1474860049174979 0.712521213180039 0.9163093914274545 0.5824195727154501 0.3960248055592339 0.6703186115361205 0.5180223803673526 0.5098356314298207 0.5580152582707932 0.09347618516680582
 0.6578085375010079 0.6798505824331117 0.1763411286875261 0.5570353990253624 0.9769751841951161 0.1577282136339654 0.3816604501114816 0.4187144182966953 0.159836271430066 0.4221073757812555 0.2369968605111945 0.3950319742779397 0.7621092651394415 0.8551203231175091 0.1697759424477039 0.0855506724035016 0.06735120330500481 0.4638296991282331 0.331610460512517 0.5922117006708932 0.5896319217876009 0.8554049164008475 0.6410118738818593 0.6734676195810109 0.4524925725326118
 0.7400983760977682 0.0391525838455568 0.9612795766921081 0.9010827775969291 0.8136842895372899 0.1960659164697751 0.8740877917299139 0.943925443250844 0.8904225550293262 0.1538646321935536 0.1475087840642788 0.4592002801970281 0.9499228319309695 0.9054849343526999 0.9606620709206152 0.5135563297610581 0.6068464941104913 0.3998899240051897 0.03596247837549819 0.1108274437390205 0.2860643600839022 0.8619839717951917 0.6200334771311711 0.5102097005857534 0.3865993563813999
 0.9186327609891867 0.7685122301615476 0.7542932490500581 0.8608270081334272 0.419383473969195 0.4451973553958339 0.6541738489303978 0.6401754369542908 0.0856403469495 0.03662489326550593 0.5263232158135265 0.1111872248578011 0.9318461003088351 0.05511799031001101 0.7729015646555255 0.2539786813609133 0.2358994262106301 0.5611940936921506 0.9519905098325117 0.1105342002939822 0.9053946518672941 0.5161885708954156 0.5050796633172432 0.04787921465935778 0.6721847047467854
 0.9788231486346907 0.7458632368134653 0.717057388296591 0.5739101563415877 0.2870999130897952 0.7492799871450726 0.3604802568119279 0.05922859005035179 0.4628016334316644 0.8229273876457749 0.4142075022975196 0.5211207999760132 0.002099652754111436 0.4282891577008829 0.7997999536150913 0.6748459409024411 0.1348822577042205 0.97768539531675 0.5302983918567253 0.2333964777187436 0.6466171180558788 0.8440757223165566 0.7603513522915172 0.5921410144673639 0.6077714283551954
 0.2786699267051483 0.5918104963375638 0.01493790248987774 0.1866326030034164 0.6796596691507675 0.6005874307555213 0.9742415631304109 0.2953077359169102 0.1621555551254899 0.9563732501908141 0.3914346246359352 0.6945279720565776 0.1940337825980157 0.6220870936867957 0.5368918679973487 0.1091741532014618 0.1120414668576234 0.9879998232915242 0.9784775528789904 0.9778331894481963 0.8953739338440634 0.9667236080780327 0.3237108468700556 0.150245982078779 0.4897633489635717
 0.1707122365025157 0.2306513989273205 0.8078413512978789 0.69351110512269 0.6834016468835357 0.1517075607412158 0.6775018013498324 0.9389991103406609 0.8340191139227591 0.9788036342736307 0.02009916028664554 0.9704230676215846 0.03299077397573051 0.6411683618761794 0.595096693258936 0.7864508075538017 0.3895454529467217 0.171278721319872 0.9027455086154534 0.5558506178171166 0.6877606582750854 0.2220543995279596 0.03982323389025259 0.2160981212234589 0.1067306130227086
 0.3320072461940215 0.4653864323812294 0.114899611666991 0.4417726642312719 0.9595882632086877 0.8914259017601682 0.5842370868125406 0.6888973615021083 0.6971056012776236 0.8887474625949501 0.3735766678677669 0.3089235698711701 0.05315035672102734 0.01010465834116829 0.8240985753211985 0.1113846600051338 0.6232998785760882 0.9198622816541748 0.9824683189735985 0.2747757127611053 0.5981401936922881 0.07509119689377379 0.4029156812687809 0.4256257943784384 0.05289064795927238
 0.7049115089015124 0.04746765552667857 0.07111143761682141 0.3385203448428232 0.1994775153021578 0.8462626372956529 0.06851595117262692 0.5552552046900414 0.0763184146131312 0.3351915929223833 0.7136123259828945 0.1743064092014371 0.9635195956890862 0.6905577132951525 0.3562169038810417 0.742739951912759 0.7103314412831041 0.1972534239507104 0.8157759831533086 0.06133037651032551 0.5487695314285803 0.8201920488836284 0.3218740944997978 0.4589610996106544 0.4935638672112102
 0.3723080585569052 0.3298247721960064 0.1593193654240443 0.928683432645754 0.5787533587332844 0.537133143980029 0.1708392775790767 0.9628143893544897 0.7050086695008719 0.05978556873158829 0.1579599853306702 0.868530205512439 0.1008642510018907 0.2728227121759237 0.996665703821869 0.1053421444695839 0.8015567169190373 0.1926424719190836 0.2262934957432827 0.3388915071230119 0.893410957999808 0.5700721980587118 0.1569464369280694 0.1741808157795393 0.8001562584546674
 0.3968370657950063 0.49570889526237 0.2758050195531772 0.580540280580629 0.5825902966215483 0.1039403050902124 0.1341205159610617 0.1671152275116628 0.1598517429090459 0.3509600556704971 0.2221834094871275 0.2298082370173292 0.2701930350670342 0.4670719083915753 0.5148424968524664 0.07883877267440124 0.6369548569470084 0.3559169123450198 0.2947656453108567 0.2031372456429892 0.3323928509192703 0.3895652115373143 0.9366839071529151 0.4239063490126877 0.9607734336833229
 0.5937829309562141 0.2916303930066543 0.8611119771378922 0.8464030393359238 0.9198959721048415 0.9666630734221511 0.006208757705696999 0.4539897298894891 0.5292912201095094 0.6714053303040356 0.4175955221750445 0.1286356740337065 0.5900072601444191 0.422867252118489 0.5505563967027904 0.6113961389671821 0.9573064373198827 0.237216055013432 0.7629970341432775 0.1420114974159731 0.9252984109043298 0.1509938504292642 0.2911639013974796 0.8349047276384722 0.2325478185986493
 0.5894671580486875 0.4851138664737428 0.6153232821916196 0.3931694357569049 0.7856159769819078 0.4738383313278268 0.3908671935259618 0.5904893188704724 0.977939493725462 0.8749415491483143 0.7012536901905767 0.5766817989763471 0.02741956179683185 0.4170660831337664 0.8243042779537421 0.9084830530607624 0.2861587844032107 0.5140078352386072 0.4736859978765446 0.7001765759865204 0.1345011155021857 0.3274110423174646 0.9113553080713779 0.2269574876131662 0.8571584308714649
 0.5590490226913662 0.7885844639570966 0.3448883742531348 0.1766910515161508 0.8766023672846599 0.4599660231400355 0.09798568152785651 0.1714829179138647 0.9747151423280127 0.8900289593533594 0.1193321249404681 0.4012607310763165 0.9630374944485371 0.4009993852234516 0.5206700262539978 0.8155530286928996 0.5366442885837415 0.9083901980091285 0.9328326034760479 0.8864612739385508 0.9663819971491742 0.03583158383065692 0.2549231894114034 0.09078728708343313 0.05517324257136318
 0.6340438384787824 0.05608892781812162 0.7229224476326399 0.2742512841189559 0.03092050161414999 0.203181245035654 0.5511255998320544 0.3698961581414243 0.7758347268639842 0.4866508467454182 0.6093978512296924 0.54262282070148 0.8731442654091872 0.2325325015625255 0.7954529428160649 0.9472416830635518 0.1563148118955114 0.03374017646852183 0.8585647365778589 0.06626113072802768 0.7789464829994979 0.940023260307066 0.1578525249473965 0.2511165022955804 0.7204045821807622
 0.3747901147444855 0.7268539317766313 0.8951171574796756 0.0817817564786754 0.1875951726886415 0.7918165729386561 0.4082251119369074 0.3914492348035413 0.8097368021075475 0.3985284679948306 0.6815096456269828 0.9047488148177846 0.8803003895394963 0.1748932692751198 0.6503306601658102 0.3679633661475922 0.7184142470030423 0.3101638987660455 0.8175348026735514 0.8968434790525381 0.356875158604844 0.4066885881016758 0.6862463200415349 0.4194313305942143 0.07215818678293955
 0.1532828197669041 0.1743282786569691 0.8415041739336475 0.9337370776788662 0.7082450508070186 0.4391654359830159 0.3120765672705636 0.4049058384003755 0.6064834212304292 0.0865890029275304 0.8632085310203834 0.8855961690215161 0.3350619604770914 0.9727408317444156 0.9478106035157787 0.2533902379647073 0.09193081861701717 0.1790815442383405 0.05926539885978747 0.3846874101283209 0.1427921435471645 0.9926485197052787 0.9962634180722472 0.3145287175644322 0.4260282422102156
 0.0007372751783146115 0.7462387611752469 0.5241335588855484 0.8102947273612389 0.8107493689374259 0.2818422173923302 0.4791312016639583 0.6641183933336631 0.9091096985662105 0.9300555457002717 0.445332738582044 0.9352824136074366 0.1646344832438704 0.8805145948118566 0.4837542814265154 0.4255887042698723 0.1778545310432967 0.2311659746134337 0.3282957505010155 0.3615305872137827 0.1241503192532438 0.8159406333842274 0.9778196383323825 0.3553416099592243 0.5479759402633263
 0.5590673822045258 0.3852443076156929 0.8886442619587219 0.1477899582313032 0.5608988960922873 0.5390056738301809 0.1720502041375188 0.852213070449034 0.3794685764365651 0.651570707388179 0.15920408968585 0.5013894227099018 0.9008780564984312 0.1184193726701328 0.9213270278956781 0.01633539187410786 0.9902706181388857 0.711321221528926 0.6827096038268735 0.1965180330546987 0.2603297013144272 0.9265245131278159 0.02778179144094799 0.3214427125194443 0.9155524067199029
 0.1577774942652739 0.895596953006553 0.702030844950999 0.8755764180128295 0.9685748808022413 0.3726965887805103 0.1635045728564092 0.9612973528043263 0.2607304324570522 0.5709830533665647 0.9995225567339449 0.5547090730207382 0.5025489876979928 0.9246370382263635 0.1991413182968609 0.560265979595957 0.7253749431271589 0.1508841751611467 0.9938278079825288 0.9038441396389676 0.1165373178991032 0.8482608127640089 0.5961172055695562 0.8963479726850906 0.5168587764465332
 0.8638008493214188 0.3041620485963447 0.01420262164119328 0.5258792417718854 0.1634223248234327 0.1509325958178836 0.6868567554658052 0.9601008109697582 0.8926325967849706 0.4779084759593197 0.7006494539883542 0.4224302474958373 0.1962537966850668 0.2549933257551417 0.4019791187615212 0.1896290883259311 0.9980054014376433 0.7484202978410119 0.7000967455595261 0.02155190945370304 0.7886337243675137 0.9220101827758493 0.6361516087807239 0.1157380328636026 0.04220254110996195
 0.01881348630784656 0.3248900619263673 0.7621426983416502 0.1903486245208755 0.4565407763658502 0.3203428582461086 0.4911232768443372 0.3419630310815042 0.8670481154794145 0.5844155451665827 0.4333322461986004 0.1682373112798666 0.06842649319671172 0.2037614761608388 0.2517557670415673 0.1387488087134358 0.03099200911271376 0.1805704329032915 0.1158951993015455 0.3054944507069313 0.6147266816902878 0.5189425894750648 0.2778112845557804 0.067127996608541 0.6367367629730252
